{
  "advancedEditorSelectedIdentifier" : "ProjectBrowser",
  "openSceneRelativePaths" : [
    "CardSet_assembly.usda",
    "static_scene.usda",
    "textures\/cards\/Round_Table.usda",
    "table_assembly.usda",
    "static_scene_round_table.usda"
  ],
  "recentIdentifiers" : {
    "136FD0AD-6713-4B76-8A9F-6D17143449B4" : [

    ],
    "18A3D419-D1EF-443B-B412-44E4357391CB" : [

    ],
    "5F834463-9902-4F13-851C-24E873E6D929" : [

    ],
    "718C46EE-3026-48D2-8101-C349DBA088F0" : [

    ]
  },
  "sceneCameraHistory" : {
    "136FD0AD-6713-4B76-8A9F-6D17143449B4" : [
      {
        "date" : 764623566.167337,
        "title" : "Untitled",
        "transform" : [
          -0.67664886,
          -1.9235467e-08,
          -0.73630595,
          0,
          -0.15978134,
          0.9761708,
          0.1468354,
          0,
          0.7187603,
          0.21700391,
          -0.6605248,
          0,
          1.1553998,
          0.3421491,
          -1.0617863,
          1
        ]
      },
      {
        "date" : 764623026.497259,
        "title" : "Untitled",
        "transform" : [
          -0.44319236,
          -1.0470426e-08,
          -0.89642644,
          0,
          -0.43027723,
          0.877273,
          0.21272857,
          0,
          0.7864108,
          0.4799916,
          -0.38880068,
          0,
          1.2639183,
          0.7648628,
          -0.62487966,
          1
        ]
      },
      {
        "date" : 764623018.207902,
        "title" : "Untitled",
        "transform" : [
          0.73297065,
          -1.0106229e-08,
          -0.6802602,
          0,
          -0.28513628,
          0.9079134,
          -0.30723038,
          0,
          0.6176173,
          0.41915774,
          0.66547394,
          0,
          0.98091215,
          0.6676779,
          1.0569192,
          1
        ]
      },
      {
        "date" : 764622991.212704,
        "title" : "Untitled",
        "transform" : [
          0.6532471,
          -7.911806e-09,
          -0.75714475,
          0,
          -0.37260053,
          0.8705315,
          -0.3214712,
          0,
          0.65911835,
          0.49211273,
          0.56867224,
          0,
          1.0619918,
          0.78436816,
          0.91626215,
          1
        ]
      },
      {
        "date" : 764622982.914875,
        "title" : "Untitled",
        "transform" : [
          0.9941138,
          -5.1216524e-09,
          -0.10834136,
          0,
          -0.039484933,
          0.9312232,
          -0.36230415,
          0,
          0.10088999,
          0.3644494,
          0.92574185,
          0,
          0.15866052,
          0.5812214,
          1.4558299,
          1
        ]
      },
      {
        "date" : 764622975.550144,
        "title" : "Untitled",
        "transform" : [
          0.99804085,
          -4.80103e-09,
          -0.06256492,
          0,
          -0.028315218,
          0.89172715,
          -0.4516869,
          0,
          0.05579083,
          0.45257354,
          0.8899802,
          0,
          0.09011365,
          0.72164243,
          1.4375005,
          1
        ]
      },
      {
        "date" : 764622773.434556,
        "title" : "Untitled",
        "transform" : [
          0.9914182,
          -2.3898397e-09,
          -0.1307289,
          0,
          -0.06899873,
          0.8493685,
          -0.5232707,
          0,
          0.111037,
          0.5278003,
          0.8420794,
          0,
          0.17945305,
          0.84318393,
          1.3609309,
          1
        ]
      },
      {
        "date" : 764619441.603849,
        "title" : "Untitled",
        "transform" : [
          0.99913317,
          -8.746952e-11,
          -0.04162828,
          0,
          -0.0026799627,
          0.9979256,
          -0.06432262,
          0,
          0.041541927,
          0.06437848,
          0.9970606,
          0,
          0.034167837,
          0.043398786,
          0.82007277,
          1
        ]
      },
      {
        "date" : 764619413.956396,
        "title" : "Untitled",
        "transform" : [
          0.999982,
          -1.04518394e-10,
          -0.0059967674,
          0,
          -0.00045869974,
          0.99707025,
          -0.07648984,
          0,
          0.005979199,
          0.07649127,
          0.9970524,
          0,
          0.0049175103,
          0.053361118,
          0.82001203,
          1
        ]
      },
      {
        "date" : 764619411.938216,
        "title" : "Untitled",
        "transform" : [
          0.999982,
          -1.04518394e-10,
          -0.0059967674,
          0,
          -0.0004586998,
          0.9970704,
          -0.07648985,
          0,
          0.005979199,
          0.07649127,
          0.9970524,
          0,
          0.015464001,
          0.19782928,
          2.5786767,
          1
        ]
      }
    ],
    "18A3D419-D1EF-443B-B412-44E4357391CB" : [
      {
        "date" : 764620067.684363,
        "title" : "Untitled",
        "transform" : [
          -0.18784323,
          -7.660848e-09,
          -0.98219895,
          0,
          -0.31501743,
          0.9471718,
          0.06024634,
          0,
          0.93031114,
          0.32072654,
          -0.17791985,
          0,
          118.21572,
          27.663233,
          -17.893496,
          1
        ]
      },
      {
        "date" : 764619681.612279,
        "title" : "Untitled",
        "transform" : [
          -0.022866318,
          -8.098831e-09,
          -0.9997385,
          0,
          -0.6608958,
          0.75032544,
          0.015116218,
          0,
          0.7501293,
          0.66106856,
          -0.017157203,
          0,
          99.65422,
          71.58134,
          2.3529396,
          1
        ]
      },
      {
        "date" : 764619677.913543,
        "title" : "Untitled",
        "transform" : [
          -0.0036646249,
          -8.44087e-09,
          -0.99999326,
          0,
          -0.95802116,
          0.28667602,
          0.003510827,
          0,
          0.28667408,
          0.95802754,
          -0.0010505832,
          0,
          46.14783,
          113.0837,
          4.4545083,
          1
        ]
      },
      {
        "date" : 764619664.035853,
        "title" : "Untitled",
        "transform" : [
          -0.05655716,
          -8.573353e-09,
          -0.9983993,
          0,
          -0.1180865,
          0.9929807,
          0.0066893534,
          0,
          0.99139136,
          0.11827583,
          -0.05616019,
          0,
          50.73945,
          0.5408796,
          -0.9606569,
          1
        ]
      },
      {
        "date" : 764619654.037238,
        "title" : "Untitled",
        "transform" : [
          0.07153299,
          -7.838539e-09,
          -0.9974382,
          0,
          -0.8097069,
          0.5839543,
          -0.058069505,
          0,
          0.5824583,
          0.81178653,
          0.041771974,
          0,
          65.890335,
          75.18275,
          8.529811,
          1
        ]
      },
      {
        "date" : 764619630.896275,
        "title" : "Untitled",
        "transform" : [
          -0.040648162,
          -2.5975684e-09,
          -0.99917346,
          0,
          -0.19295712,
          0.98117584,
          0.007849861,
          0,
          0.980365,
          0.19311668,
          -0.039883018,
          0,
          55.179966,
          0.7056464,
          1.5530549,
          1
        ]
      },
      {
        "date" : 764619621.303226,
        "title" : "Untitled",
        "transform" : [
          -0.13122094,
          -2.59747e-09,
          -0.9913531,
          0,
          -0.19163659,
          0.9811381,
          0.025366092,
          0,
          0.9726544,
          0.19330807,
          -0.1287459,
          0,
          55.092846,
          0.716389,
          -3.4645574,
          1
        ]
      },
      {
        "date" : 764619613.280263,
        "title" : "Untitled",
        "transform" : [
          -0.082147375,
          -2.571784e-09,
          -0.9966201,
          0,
          -0.2123085,
          0.977046,
          0.017499754,
          0,
          0.97374374,
          0.21302848,
          -0.080261804,
          0,
          63.44043,
          2.0639973,
          4.3740253,
          1
        ]
      },
      {
        "date" : 764619605.738159,
        "title" : "Untitled",
        "transform" : [
          -0.4945634,
          -2.4546691e-09,
          -0.8691415,
          0,
          -0.15251526,
          0.98448336,
          0.08678505,
          0,
          0.8556554,
          0.17547804,
          -0.48688948,
          0,
          49.767925,
          -0.28787708,
          -19.093447,
          1
        ]
      },
      {
        "date" : 764619596.191226,
        "title" : "Untitled",
        "transform" : [
          -0.3737186,
          -1.49992e-09,
          -0.92754215,
          0,
          -0.11013171,
          0.99292594,
          0.044373475,
          0,
          0.92098063,
          0.11873499,
          -0.3710749,
          0,
          107.754616,
          -6.9190335,
          -25.397882,
          1
        ]
      }
    ],
    "5F834463-9902-4F13-851C-24E873E6D929" : [
      {
        "date" : 764258603.326081,
        "title" : "Untitled",
        "transform" : [
          1,
          0,
          0,
          0,
          0,
          0.7071069,
          -0.70710677,
          0,
          0,
          0.70710677,
          0.7071069,
          0,
          0,
          69.75809,
          69.75813,
          1
        ]
      }
    ],
    "63C37CF4-19A1-48D3-A204-1C9DF5FAD037" : [
      {
        "date" : 764619528.53649,
        "title" : "Untitled",
        "transform" : [
          1,
          0,
          0,
          0,
          0,
          0.7071069,
          -0.70710677,
          0,
          0,
          0.70710677,
          0.7071069,
          0,
          0,
          76.8778,
          76.8778,
          1
        ]
      },
      {
        "date" : 764619527.40832,
        "title" : "Untitled",
        "transform" : [
          1,
          0,
          0,
          0,
          0,
          0.7071069,
          -0.70710677,
          0,
          0,
          0.70710677,
          0.7071069,
          0,
          0,
          61.635525,
          61.635525,
          1
        ]
      }
    ],
    "718C46EE-3026-48D2-8101-C349DBA088F0" : [
      {
        "date" : 764258572.391609,
        "title" : "Untitled",
        "transform" : [
          0.9976918,
          -4.6665277e-06,
          -0.06790451,
          0,
          -0.046575688,
          0.72764885,
          -0.6843667,
          0,
          0.049413845,
          0.6859498,
          0.725969,
          0,
          0.0920062,
          0.7730334,
          1.0240254,
          1
        ]
      },
      {
        "date" : 764258427.291256,
        "title" : "Untitled",
        "transform" : [
          0.99387574,
          -4.668293e-06,
          -0.11050336,
          0,
          -0.09564195,
          0.50085217,
          -0.86023235,
          0,
          0.055349875,
          0.8655328,
          0.4977844,
          0,
          0.10650555,
          1.0349206,
          0.7564853,
          1
        ]
      },
      {
        "date" : 764258393.942087,
        "title" : "Untitled",
        "transform" : [
          0.999044,
          -4.669627e-06,
          -0.043714706,
          0,
          -0.040985465,
          0.34770358,
          -0.9367083,
          0,
          0.015204142,
          0.9376044,
          0.34737095,
          0,
          0.044597622,
          0.969183,
          0.5100391,
          1
        ]
      },
      {
        "date" : 764258284.876291,
        "title" : "Untitled",
        "transform" : [
          0.7540097,
          -4.6690748e-06,
          -0.6568632,
          0,
          -0.5522174,
          0.5415143,
          -0.6338913,
          0,
          0.35570374,
          0.8406915,
          0.40830442,
          0,
          0.48201856,
          0.8362443,
          0.519421,
          1
        ]
      },
      {
        "date" : 764258233.548801,
        "title" : "Untitled",
        "transform" : [
          0.75400966,
          -4.718858e-06,
          -0.6568633,
          0,
          -0.55221754,
          0.5415142,
          -0.6338913,
          0,
          0.35570383,
          0.84069157,
          0.40830454,
          0,
          0.41413555,
          0.30841237,
          0.0053798445,
          1
        ]
      },
      {
        "date" : 764258192.024992,
        "title" : "Untitled",
        "transform" : [
          0.99883807,
          -4.72592e-06,
          0.04819255,
          0,
          0.039454598,
          0.57432085,
          -0.81767887,
          0,
          -0.027674224,
          0.8186302,
          0.5736539,
          0,
          0.2823541,
          0.6561593,
          0.55410445,
          1
        ]
      },
      {
        "date" : 764258173.523543,
        "title" : "Untitled",
        "transform" : [
          0.99450934,
          -4.7294775e-06,
          -0.104647584,
          0,
          -0.05525654,
          0.8492051,
          -0.5251642,
          0,
          0.08886974,
          0.5280632,
          0.84454215,
          0,
          0.39406,
          0.37847325,
          0.8245808,
          1
        ]
      },
      {
        "date" : 764258147.548257,
        "title" : "Untitled",
        "transform" : [
          0.99450934,
          -4.7294775e-06,
          -0.104647584,
          0,
          -0.05525654,
          0.8492051,
          -0.5251642,
          0,
          0.08886974,
          0.5280632,
          0.84454215,
          0,
          0.65800864,
          0.07324739,
          0.15958428,
          1
        ]
      },
      {
        "date" : 764258120.614647,
        "title" : "Untitled",
        "transform" : [
          0.99486,
          1.1132206e-12,
          -0.10126068,
          0,
          -0.04222371,
          0.9089155,
          -0.41483703,
          0,
          0.092037395,
          0.41698027,
          0.90424365,
          0,
          0.14722525,
          0.6639043,
          1.4464501,
          1
        ]
      }
    ]
  },
  "sceneViewportBackgroundColors" : {

  },
  "selectedSceneRelativePath" : "static_scene_round_table.usda"
}