{
  "advancedEditorSelectedIdentifier" : "ProjectBrowser",
  "openSceneRelativePaths" : [
    "CardSet_assembly.usda",
    "card_flower_01_assembly.usda",
    "static_scene.usda",
    "table_rectangle.usdc",
    "table_assembly.usda",
    "card_flower_01_mat.usda",
    "card_arm_01_assembly.usda",
    "card_leg_01_mat.usda",
    "card_leg_01_assembly.usda"
  ],
  "recentIdentifiers" : {
    "0CDC10A8-F8B5-45A8-AE8D-69A7D23C8838" : [

    ],
    "396A753D-3FCE-4223-A4FD-81DFD1B3F698" : [

    ],
    "718C46EE-3026-48D2-8101-C349DBA088F0" : [

    ]
  },
  "sceneCameraHistory" : {
    "0CDC10A8-F8B5-45A8-AE8D-69A7D23C8838" : [
      {
        "date" : 762236814.126675,
        "title" : "Untitled",
        "transform" : [
          0.9932607,
          -9.260869e-09,
          0.11590213,
          0,
          0.11583158,
          0.034899592,
          -0.9926555,
          0,
          -0.0040450385,
          0.99939084,
          0.03466439,
          0,
          -0.039870508,
          0.115317635,
          0.02845283,
          1
        ]
      },
      {
        "date" : 762192183.204737,
        "title" : "Untitled",
        "transform" : [
          0.9932607,
          -9.260869e-09,
          0.11590213,
          0,
          0.11583158,
          0.034899592,
          -0.9926555,
          0,
          -0.0040450385,
          0.99939084,
          0.03466439,
          0,
          -0.03949352,
          0.11543123,
          0.025222095,
          1
        ]
      },
      {
        "date" : 762128011.996276,
        "title" : "Untitled",
        "transform" : [
          0.99141014,
          -9.259615e-09,
          -0.13078903,
          0,
          -0.082990825,
          0.77289003,
          -0.62908953,
          0,
          0.10108543,
          0.63454,
          0.766251,
          0,
          -0.022103222,
          0.054084465,
          0.11002989,
          1
        ]
      },
      {
        "date" : 762128006.94596,
        "title" : "Untitled",
        "transform" : [
          0.999987,
          -4.772082e-09,
          -0.0050932844,
          0,
          -0.002279052,
          0.8942972,
          -0.44746757,
          0,
          0.004554803,
          0.44747335,
          0.8942856,
          0,
          -0.035715118,
          0.029204896,
          0.11572279,
          1
        ]
      },
      {
        "date" : 762127997.911317,
        "title" : "Untitled",
        "transform" : [
          0.99539584,
          6.0572054e-09,
          0.095849924,
          0,
          0.0680071,
          0.70468867,
          -0.70624983,
          0,
          -0.06754439,
          0.7095166,
          0.7014442,
          0,
          -0.04573856,
          0.06455616,
          0.09623279,
          1
        ]
      },
      {
        "date" : 762127986.212115,
        "title" : "Untitled",
        "transform" : [
          0.9977854,
          1.4463428e-08,
          0.06651566,
          0,
          0.057652887,
          0.49873126,
          -0.8648371,
          0,
          -0.03317347,
          0.8667566,
          0.4976268,
          0,
          -0.026684016,
          0.056583144,
          0.04984434,
          1
        ]
      },
      {
        "date" : 762127937.945454,
        "title" : "Untitled",
        "transform" : [
          0.7108929,
          1.4026586e-08,
          -0.70330024,
          0,
          -0.27191246,
          0.9222376,
          -0.27484795,
          0,
          0.6486099,
          0.38662353,
          0.6556122,
          0,
          0.036368337,
          0.013744954,
          0.06990398,
          1
        ]
      },
      {
        "date" : 762127934.24648,
        "title" : "Untitled",
        "transform" : [
          0.7108929,
          1.4026586e-08,
          -0.70330024,
          0,
          -0.27191246,
          0.9222376,
          -0.27484795,
          0,
          0.6486099,
          0.38662353,
          0.6556122,
          0,
          0.035212755,
          0.0031474903,
          0.05151739,
          1
        ]
      },
      {
        "date" : 762116951.636573,
        "title" : "Untitled",
        "transform" : [
          0.7108929,
          -1.1518608e-10,
          -0.70330024,
          0,
          -0.27191246,
          0.9222377,
          -0.27484798,
          0,
          0.64861,
          0.38662356,
          0.65561223,
          0,
          0.059180643,
          0.03527641,
          0.059819546,
          1
        ]
      },
      {
        "date" : 762116947.756709,
        "title" : "Untitled",
        "transform" : [
          1,
          0,
          0,
          0,
          0,
          0.7071069,
          -0.70710677,
          0,
          0,
          0.70710677,
          0.7071069,
          0,
          0,
          0.06451802,
          0.064518034,
          1
        ]
      }
    ],
    "396A753D-3FCE-4223-A4FD-81DFD1B3F698" : [
      {
        "date" : 762117286.498343,
        "title" : "Untitled",
        "transform" : [
          0.9999494,
          -1.4697383e-08,
          -0.010052067,
          0,
          -0.0049570007,
          0.86995244,
          -0.49311078,
          0,
          0.008744852,
          0.4931357,
          0.8699085,
          0,
          5.2177687,
          55.13312,
          84.61107,
          1
        ]
      },
      {
        "date" : 762117270.717303,
        "title" : "Untitled",
        "transform" : [
          0.895193,
          -1.4843746e-08,
          0.44567895,
          0,
          -0.44540742,
          0.03489954,
          0.8946476,
          0,
          -0.015553984,
          -0.9993909,
          0.031241829,
          0,
          -0.42720455,
          -100.5593,
          10.656589,
          1
        ]
      },
      {
        "date" : 762117187.122251,
        "title" : "Untitled",
        "transform" : [
          1,
          0,
          0,
          0,
          0,
          0.8656396,
          -0.50066763,
          0,
          0,
          0.50066763,
          0.8656396,
          0,
          4.366986,
          55.865818,
          84.177536,
          1
        ]
      },
      {
        "date" : 762117185.94861,
        "title" : "Untitled",
        "transform" : [
          1,
          0,
          0,
          0,
          0,
          0.8656396,
          -0.50066763,
          0,
          0,
          0.50066763,
          0.8656396,
          0,
          3.4651642,
          44.329025,
          66.79412,
          1
        ]
      },
      {
        "date" : 762117155.574863,
        "title" : "Untitled",
        "transform" : [
          1,
          0,
          -0,
          0,
          -0,
          0.8656396,
          -0.50066763,
          0,
          0,
          0.50066763,
          0.8656396,
          0,
          9.094947e-13,
          25.497696,
          77.68577,
          1
        ]
      },
      {
        "date" : 762117148.751412,
        "title" : "Untitled",
        "transform" : [
          1,
          0,
          -0,
          0,
          -0,
          0.8656395,
          -0.50066763,
          0,
          0,
          0.50066763,
          0.8656395,
          0,
          0,
          109.50998,
          179.44083,
          1
        ]
      },
      {
        "date" : 762117146.418057,
        "title" : "Untitled",
        "transform" : [
          1,
          0,
          -0,
          0,
          -0,
          0.7071069,
          -0.7071067,
          0,
          0,
          0.7071067,
          0.7071069,
          0,
          0,
          49.683266,
          64.17262,
          1
        ]
      }
    ],
    "63C37CF4-19A1-48D3-A204-1C9DF5FAD037" : [
      {
        "date" : 762192726.530251,
        "title" : "Untitled",
        "transform" : [
          0.99999523,
          -2.4196537e-11,
          -0.0030857234,
          0,
          -0.0019531248,
          0.7741885,
          -0.6329521,
          0,
          0.0023889318,
          0.6329552,
          0.7741848,
          0,
          0.2123388,
          43.026157,
          68.8132,
          1
        ]
      },
      {
        "date" : 762117232.519336,
        "title" : "Untitled",
        "transform" : [
          1,
          0,
          -0,
          0,
          -0,
          0.7071069,
          -0.7071067,
          0,
          0,
          0.7071067,
          0.7071069,
          0,
          -7.1525574e-07,
          49.683258,
          64.17262,
          1
        ]
      },
      {
        "date" : 762117220.941207,
        "title" : "Untitled",
        "transform" : [
          1,
          0,
          -0,
          0,
          -0,
          0.7071069,
          -0.7071067,
          0,
          0,
          0.7071067,
          0.7071069,
          0,
          -2.3841858e-07,
          49.683258,
          64.17262,
          1
        ]
      },
      {
        "date" : 762117218.714961,
        "title" : "Untitled",
        "transform" : [
          1,
          0,
          -0,
          0,
          -0,
          0.7071069,
          -0.7071067,
          0,
          0,
          0.7071067,
          0.7071069,
          0,
          0,
          49.683266,
          64.17262,
          1
        ]
      }
    ],
    "718C46EE-3026-48D2-8101-C349DBA088F0" : [
      {
        "date" : 762197656.60845,
        "title" : "Untitled",
        "transform" : [
          0.9681569,
          2.3215948e-08,
          -0.25034443,
          0,
          -0.16319285,
          0.75832796,
          -0.63111556,
          0,
          0.18984318,
          0.65187323,
          0.73418045,
          0,
          -0.05488825,
          0.42542136,
          0.90405464,
          1
        ]
      },
      {
        "date" : 762197646.131922,
        "title" : "Untitled",
        "transform" : [
          0.9681569,
          2.3215948e-08,
          -0.25034443,
          0,
          -0.16319285,
          0.75832796,
          -0.63111556,
          0,
          0.18984318,
          0.65187323,
          0.73418045,
          0,
          -0.032537162,
          0.38519657,
          0.93399036,
          1
        ]
      },
      {
        "date" : 762197643.369629,
        "title" : "Untitled",
        "transform" : [
          0.9681569,
          2.3215948e-08,
          -0.25034443,
          0,
          -0.16319285,
          0.75832796,
          -0.63111556,
          0,
          0.18984318,
          0.65187323,
          0.73418045,
          0,
          0.0020768344,
          0.54973817,
          0.7789447,
          1
        ]
      },
      {
        "date" : 762197635.906418,
        "title" : "Untitled",
        "transform" : [
          0.9681569,
          2.3215948e-08,
          -0.25034443,
          0,
          -0.16319285,
          0.75832796,
          -0.63111556,
          0,
          0.18984318,
          0.65187323,
          0.73418045,
          0,
          0.14936471,
          0.45101333,
          0.8285164,
          1
        ]
      },
      {
        "date" : 762197626.765879,
        "title" : "Untitled",
        "transform" : [
          0.9681569,
          2.3215948e-08,
          -0.25034443,
          0,
          -0.16319285,
          0.75832796,
          -0.63111556,
          0,
          0.18984318,
          0.65187323,
          0.73418045,
          0,
          0.0028051287,
          0.36174572,
          0.9456735,
          1
        ]
      },
      {
        "date" : 762197619.840107,
        "title" : "Untitled",
        "transform" : [
          0.9681569,
          2.3215948e-08,
          -0.25034443,
          0,
          -0.16319285,
          0.75832796,
          -0.63111556,
          0,
          0.18984318,
          0.65187323,
          0.73418045,
          0,
          -0.16565427,
          0.26178205,
          1.1987077,
          1
        ]
      },
      {
        "date" : 762197612.888067,
        "title" : "Untitled",
        "transform" : [
          0.9681569,
          2.3215948e-08,
          -0.25034443,
          0,
          -0.16319285,
          0.75832796,
          -0.63111556,
          0,
          0.18984318,
          0.65187323,
          0.73418045,
          0,
          0.101911575,
          0.38737845,
          1.0180048,
          1
        ]
      },
      {
        "date" : 762197597.25919,
        "title" : "Untitled",
        "transform" : [
          0.9681569,
          2.3215948e-08,
          -0.25034443,
          0,
          -0.16319285,
          0.75832796,
          -0.63111556,
          0,
          0.18984318,
          0.65187323,
          0.73418045,
          0,
          0.07373509,
          0.32951912,
          1.0766635,
          1
        ]
      },
      {
        "date" : 762197587.869857,
        "title" : "Untitled",
        "transform" : [
          0.9681569,
          2.3215948e-08,
          -0.25034443,
          0,
          -0.16319285,
          0.75832796,
          -0.63111556,
          0,
          0.18984318,
          0.65187323,
          0.73418045,
          0,
          0.041841745,
          0.27217156,
          1.1358289,
          1
        ]
      },
      {
        "date" : 762192483.676396,
        "title" : "Untitled",
        "transform" : [
          0.9681569,
          2.3215948e-08,
          -0.25034443,
          0,
          -0.16319285,
          0.75832796,
          -0.63111556,
          0,
          0.18984318,
          0.65187323,
          0.73418045,
          0,
          0.27814043,
          0.59300274,
          0.7898635,
          1
        ]
      }
    ],
    "944BFAF6-A7D7-4206-B621-3B283DEA0ADA" : [
      {
        "date" : 762236961.676322,
        "title" : "Untitled",
        "transform" : [
          0.99116194,
          3.5927865e-09,
          -0.13265683,
          0,
          -0.09389285,
          0.70642525,
          -0.7015321,
          0,
          0.09371212,
          0.70778763,
          0.70018184,
          0,
          -0.0031696502,
          0.08353593,
          0.056060225,
          1
        ]
      },
      {
        "date" : 762236847.392629,
        "title" : "Untitled",
        "transform" : [
          0.99913424,
          3.1910357e-09,
          0.04160123,
          0,
          0.040819455,
          0.19295411,
          -0.9803583,
          0,
          -0.008027138,
          0.9812078,
          0.19278699,
          0,
          -0.01054093,
          0.100093365,
          -0.0011203026,
          1
        ]
      },
      {
        "date" : 762236837.444439,
        "title" : "Untitled",
        "transform" : [
          0.9997222,
          3.6712857e-09,
          0.023571774,
          0,
          0.020631602,
          0.48363996,
          -0.87502384,
          0,
          -0.011400266,
          0.8752671,
          0.48350552,
          0,
          -0.01128137,
          0.095510915,
          0.029689126,
          1
        ]
      },
      {
        "date" : 762236823.810456,
        "title" : "Untitled",
        "transform" : [
          0.9984729,
          3.326289e-09,
          0.055243976,
          0,
          0.0049185483,
          0.9960287,
          -0.08889719,
          0,
          -0.055024594,
          0.08903319,
          0.9945076,
          0,
          -0.01586084,
          0.028634552,
          0.09518163,
          1
        ]
      },
      {
        "date" : 762236810.708924,
        "title" : "Untitled",
        "transform" : [
          0.9984729,
          3.326289e-09,
          0.055243976,
          0,
          0.0049185483,
          0.9960287,
          -0.08889719,
          0,
          -0.055024594,
          0.08903319,
          0.9945076,
          0,
          -0.005396868,
          0.008732473,
          0.097542316,
          1
        ]
      },
      {
        "date" : 762236636.013932,
        "title" : "Untitled",
        "transform" : [
          0.9999881,
          0,
          -0.0048827925,
          0,
          -0.0034526556,
          0.7071069,
          -0.70709836,
          0,
          0.003452656,
          0.70710677,
          0.7070985,
          0,
          0.00033863998,
          0.06935375,
          0.06935293,
          1
        ]
      }
    ],
    "F97F1744-5CAC-4ADE-B163-D24BDE5C5657" : [
      {
        "date" : 762236868.620262,
        "title" : "Untitled",
        "transform" : [
          0.99999946,
          -8.205628e-11,
          -0.0010003127,
          0,
          -0.0009997005,
          0.034899607,
          -0.9993903,
          0,
          3.4910496e-05,
          0.9993909,
          0.034899544,
          0,
          -0.0076420843,
          0.13642938,
          0.01791128,
          1
        ]
      },
      {
        "date" : 762236765.095233,
        "title" : "Untitled",
        "transform" : [
          0.99999946,
          -8.2056285e-11,
          -0.0010003127,
          0,
          -0.0009997005,
          0.034899548,
          -0.9993903,
          0,
          3.4910438e-05,
          0.9993909,
          0.034899484,
          0,
          4.781739e-06,
          0.13688767,
          0.004780227,
          1
        ]
      },
      {
        "date" : 762236762.972784,
        "title" : "Untitled",
        "transform" : [
          0.999514,
          -8.2056285e-11,
          0.031173728,
          0,
          0.03115474,
          0.034899607,
          -0.9989051,
          0,
          -0.0010879494,
          0.9993909,
          0.0348826,
          0,
          -0.00014901781,
          0.13688767,
          0.0047779144,
          1
        ]
      }
    ]
  },
  "sceneViewportBackgroundColors" : {

  },
  "selectedSceneRelativePath" : "card_arm_01_assembly.usda"
}